x1 = 3.658536585365854
x2 = 12.195121951219512
x3 = -0.0
