x1 = 33.70535714285714
x2 = 51.339285714285715
x3 = 68.52678571428571
x4 = 33.482142857142854
x5 = 53.125
x6 = 72.76785714285714
x7 = 47.09821428571429
x8 = 54.91071428571429
x9 = 69.41964285714286