x1 = 33.70535671212045
x2 = 51.339285283549025
x3 = 68.52678549891738
x4 = 33.48214242640616
x5 = 53.12499956926331
x6 = 72.7678569274888
x7 = 47.09821407034594
x8 = 54.91071407034594
x9 = 69.41964274945869
iteracoes necessarias: 28