x0 = 0.6184976319102213
x1 = 1.6763027316296635
