x0 = 0.6184976319102216
x1 = 1.6069366119663329
