x1 = 33.705356537497465
x2 = 51.33928492266153
x3 = 68.52678510892605
x4 = 33.48214206551867
x5 = 53.12499878928065
x6 = 72.76785635123295
x7 = 47.09821368035461
x8 = 54.9107134940901
x9 = 69.41964225178319
iteracoes necessarias: 52
